[y, x]
红色棋子出生点：[2, 29], [2, 32], [5, 29], [5, 32]
黄色棋子出生点：[30, 29], [30, 32], [33, 29], [33, 32]
绿色棋子出生点：[2, 2], [2, 5], [5, 2], [5, 5]
蓝色棋子出生点：[30, 2], [30, 5], [33, 2], [33, 5]

红色出发点：[1, 25]
黄色出发点：[26, 33]
绿色出发点：[8, 1]
蓝色出发点：[34, 8]

移动路径， 顺时针 按照
红色出生点开始第一个
[2, 23], [4, 24], [6, 24], [9, 23], [10, 25], [9, 27], [9, 29], [10, 31], [12, 32], [14, 32], [17, 32], [19, 32], [21, 32],
黄色出生后第一个 [23, 32], [24, 29], [24, 27], [23, 25], [24, 23], [27, 24], [29, 24], [31, 24], [32, 21], [32, 19], [32, 17], [32, 15], [32, 13], 
蓝色出生后的第一个
[32, 10], [29, 9], [27, 9], [25, 10], [23, 9], [24, 7], [24, 5], [23, 2], [21, 1], [19, 1], [17, 1], [15, 1], [13, 1], 
绿色出生后第一个
[2, 10], [9, 4], [9, 6], [10, 8], [9, 10], [6, 9], [4, 9], [2, 10], [1, 13], [1, 15], [1, 17], [1, 19], [1, 21]

红色终点线[4, 17], [6, 17], [8, 17], [10, 17], [12, 17], [15, 17]
黄色终点线[17, 29], [17, 27], [17, 25], [17, 23], [17, 21], [17, 19]
蓝色终点线[29, 17], [27, 17], [25, 17], [23, 17], [21, 17], [19, 17]
绿色终点线[17, 4], [17, 6], [17, 8], [17, 10], [17, 12], [17, 15]